Number of subjects: 40055
Number of subjects after checking: 39373
Number of subjects: 40055
Number of subjects after checking: 39373
selecting new mask
image shape: (1, 256, 256, 256)
next image
image shape: (1, 256, 256, 256)
next image
image shape: (1, 256, 256, 256)
next image
image shape: (1, 256, 256, 256)
next image
tensor([ 1.1871,  0.8618,  1.2730, -1.6242], dtype=torch.float64)
age_delta: tensor([[ -9.3913,  -6.9313, -10.0413,  11.8687],
        [ -9.4225,  -6.9625, -10.0725,  11.8375],
        [ -9.4225,  -6.9625, -10.0725,  11.8375],
        [ -9.2975,  -6.8375,  -9.9475,  11.9625]], device='cuda:0',
       grad_fn=<AliasBackward0>)
Metadata
	affine: tensor([[ 9.8592e-01,  1.6587e-01, -2.1191e-02, -1.6652e+01],
        [-1.6558e-01,  9.8609e-01,  1.4721e-02,  2.1009e+01],
        [-2.3338e-02,  1.1005e-02, -9.9967e-01,  2.5653e+02],
        [ 0.0000e+00,  0.0000e+00,  0.0000e+00,  1.0000e+00]],
       dtype=torch.float64)
Applied operations
[ {class: 'RandZoom', do_transforms: False, extra_info: {}, id: 139966767449808, orig_size: (256, 256, 256)},
  { class: 'RandRotate',
    do_transforms: True,
    extra_info: { class: 'Rotate',
                  extra_info: { 'align_corners': False,
                                'dtype': 'float32',
                                'mode': bilinear,
                                'padding_mode': zeros,
                                'rot_mat': array([[ 9.85919413e-01,  1.65872942e-01,  2.11914675e-02,
        -2.20554374e+01],
       [-1.65584505e-01,  9.86085726e-01, -1.47211412e-02,
         2.47630398e+01],
       [-2.33384426e-02,  1.10048802e-02,  9.99667049e-01,
         1.61498040e+00],
       [ 0.00000000e+00,  0.00000000e+00,  0.00000000e+00,
         1.00000000e+00]])},
                  id: 139966610071360,
                  orig_size: (256, 256, 256)},
    id: 139966767497856,
    orig_size: (256, 256, 256)},
  {class: 'RandRotate90', do_transforms: False, extra_info: {}, id: 139966767497808, orig_size: (256, 256, 256)},
  {class: 'RandRotate90', do_transforms: False, extra_info: {}, id: 139966767498000, orig_size: (256, 256, 256)},
  {class: 'RandRotate90', do_transforms: False, extra_info: {}, id: 139966767498240, orig_size: (256, 256, 256)},
  {class: 'RandFlip', do_transforms: False, extra_info: {}, id: 139966767498288, orig_size: (256, 256, 256)},
  {class: 'RandFlip', do_transforms: False, extra_info: {}, id: 139966610617968, orig_size: (256, 256, 256)},
  { class: 'RandFlip',
    do_transforms: True,
    extra_info: {class: 'Flip', id: 139966609992528, orig_size: (256, 256, 256)},
    id: 139966609992672,
    orig_size: (256, 256, 256)}]
Is batch?: False
type(age_delta): <class 'monai.data.meta_tensor.MetaTensor'>
[tensor([ -9.3913,  -6.9313, -10.0413,  11.8687], device='cuda:0',
       grad_fn=<AliasBackward0>)
Metadata
	affine: tensor([[ 9.8592e-01,  1.6587e-01, -2.1191e-02, -1.6652e+01],
        [-1.6558e-01,  9.8609e-01,  1.4721e-02,  2.1009e+01],
        [-2.3338e-02,  1.1005e-02, -9.9967e-01,  2.5653e+02],
        [ 0.0000e+00,  0.0000e+00,  0.0000e+00,  1.0000e+00]],
       dtype=torch.float64)
Applied operations
[ {class: 'RandZoom', do_transforms: False, extra_info: {}, id: 139966767449808, orig_size: (256, 256, 256)},
  { class: 'RandRotate',
    do_transforms: True,
    extra_info: { class: 'Rotate',
                  extra_info: { 'align_corners': False,
                                'dtype': 'float32',
                                'mode': bilinear,
                                'padding_mode': zeros,
                                'rot_mat': array([[ 9.85919413e-01,  1.65872942e-01,  2.11914675e-02,
        -2.20554374e+01],
       [-1.65584505e-01,  9.86085726e-01, -1.47211412e-02,
         2.47630398e+01],
       [-2.33384426e-02,  1.10048802e-02,  9.99667049e-01,
         1.61498040e+00],
       [ 0.00000000e+00,  0.00000000e+00,  0.00000000e+00,
         1.00000000e+00]])},
                  id: 139966610071360,
                  orig_size: (256, 256, 256)},
    id: 139966767497856,
    orig_size: (256, 256, 256)},
  {class: 'RandRotate90', do_transforms: False, extra_info: {}, id: 139966767497808, orig_size: (256, 256, 256)},
  {class: 'RandRotate90', do_transforms: False, extra_info: {}, id: 139966767498000, orig_size: (256, 256, 256)},
  {class: 'RandRotate90', do_transforms: False, extra_info: {}, id: 139966767498240, orig_size: (256, 256, 256)},
  {class: 'RandFlip', do_transforms: False, extra_info: {}, id: 139966767498288, orig_size: (256, 256, 256)},
  {class: 'RandFlip', do_transforms: False, extra_info: {}, id: 139966610617968, orig_size: (256, 256, 256)},
  { class: 'RandFlip',
    do_transforms: True,
    extra_info: {class: 'Flip', id: 139966609992528, orig_size: (256, 256, 256)},
    id: 139966609992672,
    orig_size: (256, 256, 256)}]
Is batch?: False, tensor([ -9.4225,  -6.9625, -10.0725,  11.8375], device='cuda:0',
       grad_fn=<AliasBackward0>)
Metadata
	affine: tensor([[ 9.8592e-01,  1.6587e-01, -2.1191e-02, -1.6652e+01],
        [-1.6558e-01,  9.8609e-01,  1.4721e-02,  2.1009e+01],
        [-2.3338e-02,  1.1005e-02, -9.9967e-01,  2.5653e+02],
        [ 0.0000e+00,  0.0000e+00,  0.0000e+00,  1.0000e+00]],
       dtype=torch.float64)
Applied operations
[ {class: 'RandZoom', do_transforms: False, extra_info: {}, id: 139966767449808, orig_size: (256, 256, 256)},
  { class: 'RandRotate',
    do_transforms: True,
    extra_info: { class: 'Rotate',
                  extra_info: { 'align_corners': False,
                                'dtype': 'float32',
                                'mode': bilinear,
                                'padding_mode': zeros,
                                'rot_mat': array([[ 9.85919413e-01,  1.65872942e-01,  2.11914675e-02,
        -2.20554374e+01],
       [-1.65584505e-01,  9.86085726e-01, -1.47211412e-02,
         2.47630398e+01],
       [-2.33384426e-02,  1.10048802e-02,  9.99667049e-01,
         1.61498040e+00],
       [ 0.00000000e+00,  0.00000000e+00,  0.00000000e+00,
         1.00000000e+00]])},
                  id: 139966610071360,
                  orig_size: (256, 256, 256)},
    id: 139966767497856,
    orig_size: (256, 256, 256)},
  {class: 'RandRotate90', do_transforms: False, extra_info: {}, id: 139966767497808, orig_size: (256, 256, 256)},
  {class: 'RandRotate90', do_transforms: False, extra_info: {}, id: 139966767498000, orig_size: (256, 256, 256)},
  {class: 'RandRotate90', do_transforms: False, extra_info: {}, id: 139966767498240, orig_size: (256, 256, 256)},
  {class: 'RandFlip', do_transforms: False, extra_info: {}, id: 139966767498288, orig_size: (256, 256, 256)},
  {class: 'RandFlip', do_transforms: False, extra_info: {}, id: 139966610617968, orig_size: (256, 256, 256)},
  { class: 'RandFlip',
    do_transforms: True,
    extra_info: {class: 'Flip', id: 139966609992528, orig_size: (256, 256, 256)},
    id: 139966609992672,
    orig_size: (256, 256, 256)}]
Is batch?: False, tensor([ -9.4225,  -6.9625, -10.0725,  11.8375], device='cuda:0',
       grad_fn=<AliasBackward0>)
Metadata
	affine: tensor([[ 9.8592e-01,  1.6587e-01, -2.1191e-02, -1.6652e+01],
        [-1.6558e-01,  9.8609e-01,  1.4721e-02,  2.1009e+01],
        [-2.3338e-02,  1.1005e-02, -9.9967e-01,  2.5653e+02],
        [ 0.0000e+00,  0.0000e+00,  0.0000e+00,  1.0000e+00]],
       dtype=torch.float64)
Applied operations
[ {class: 'RandZoom', do_transforms: False, extra_info: {}, id: 139966767449808, orig_size: (256, 256, 256)},
  { class: 'RandRotate',
    do_transforms: True,
    extra_info: { class: 'Rotate',
                  extra_info: { 'align_corners': False,
                                'dtype': 'float32',
                                'mode': bilinear,
                                'padding_mode': zeros,
                                'rot_mat': array([[ 9.85919413e-01,  1.65872942e-01,  2.11914675e-02,
        -2.20554374e+01],
       [-1.65584505e-01,  9.86085726e-01, -1.47211412e-02,
         2.47630398e+01],
       [-2.33384426e-02,  1.10048802e-02,  9.99667049e-01,
         1.61498040e+00],
       [ 0.00000000e+00,  0.00000000e+00,  0.00000000e+00,
         1.00000000e+00]])},
                  id: 139966610071360,
                  orig_size: (256, 256, 256)},
    id: 139966767497856,
    orig_size: (256, 256, 256)},
  {class: 'RandRotate90', do_transforms: False, extra_info: {}, id: 139966767497808, orig_size: (256, 256, 256)},
  {class: 'RandRotate90', do_transforms: False, extra_info: {}, id: 139966767498000, orig_size: (256, 256, 256)},
  {class: 'RandRotate90', do_transforms: False, extra_info: {}, id: 139966767498240, orig_size: (256, 256, 256)},
  {class: 'RandFlip', do_transforms: False, extra_info: {}, id: 139966767498288, orig_size: (256, 256, 256)},
  {class: 'RandFlip', do_transforms: False, extra_info: {}, id: 139966610617968, orig_size: (256, 256, 256)},
  { class: 'RandFlip',
    do_transforms: True,
    extra_info: {class: 'Flip', id: 139966609992528, orig_size: (256, 256, 256)},
    id: 139966609992672,
    orig_size: (256, 256, 256)}]
Is batch?: False, tensor([-9.2975, -6.8375, -9.9475, 11.9625], device='cuda:0',
       grad_fn=<AliasBackward0>)
Metadata
	affine: tensor([[ 9.8592e-01,  1.6587e-01, -2.1191e-02, -1.6652e+01],
        [-1.6558e-01,  9.8609e-01,  1.4721e-02,  2.1009e+01],
        [-2.3338e-02,  1.1005e-02, -9.9967e-01,  2.5653e+02],
        [ 0.0000e+00,  0.0000e+00,  0.0000e+00,  1.0000e+00]],
       dtype=torch.float64)
Applied operations
[ {class: 'RandZoom', do_transforms: False, extra_info: {}, id: 139966767449808, orig_size: (256, 256, 256)},
  { class: 'RandRotate',
    do_transforms: True,
    extra_info: { class: 'Rotate',
                  extra_info: { 'align_corners': False,
                                'dtype': 'float32',
                                'mode': bilinear,
                                'padding_mode': zeros,
                                'rot_mat': array([[ 9.85919413e-01,  1.65872942e-01,  2.11914675e-02,
        -2.20554374e+01],
       [-1.65584505e-01,  9.86085726e-01, -1.47211412e-02,
         2.47630398e+01],
       [-2.33384426e-02,  1.10048802e-02,  9.99667049e-01,
         1.61498040e+00],
       [ 0.00000000e+00,  0.00000000e+00,  0.00000000e+00,
         1.00000000e+00]])},
                  id: 139966610071360,
                  orig_size: (256, 256, 256)},
    id: 139966767497856,
    orig_size: (256, 256, 256)},
  {class: 'RandRotate90', do_transforms: False, extra_info: {}, id: 139966767497808, orig_size: (256, 256, 256)},
  {class: 'RandRotate90', do_transforms: False, extra_info: {}, id: 139966767498000, orig_size: (256, 256, 256)},
  {class: 'RandRotate90', do_transforms: False, extra_info: {}, id: 139966767498240, orig_size: (256, 256, 256)},
  {class: 'RandFlip', do_transforms: False, extra_info: {}, id: 139966767498288, orig_size: (256, 256, 256)},
  {class: 'RandFlip', do_transforms: False, extra_info: {}, id: 139966610617968, orig_size: (256, 256, 256)},
  { class: 'RandFlip',
    do_transforms: True,
    extra_info: {class: 'Flip', id: 139966609992528, orig_size: (256, 256, 256)},
    id: 139966609992672,
    orig_size: (256, 256, 256)}]
Is batch?: False]
image shape: (1, 256, 256, 256)
next image
image shape: (1, 256, 256, 256)
next image
image shape: (1, 256, 256, 256)
next image
image shape: (1, 256, 256, 256)
next image
tensor([-0.0586,  0.7652, -1.0715,  1.1474], dtype=torch.float64)
age_delta: tensor([[3046.0601, 3039.8301, 3053.7200, 3036.9399],
        [3092.0601, 3085.8301, 3099.7200, 3082.9399],
        [3118.0601, 3111.8301, 3125.7200, 3108.9399],
        [3026.0601, 3019.8301, 3033.7200, 3016.9399]], device='cuda:0',
       grad_fn=<AliasBackward0>)
Metadata
	affine: tensor([[-3.8089e-33, -1.0159e+00, -6.2204e-17,  2.5702e+02],
        [ 6.2204e-17,  6.2204e-17, -1.0159e+00,  2.5702e+02],
        [ 1.0159e+00, -7.6178e-33,  6.2204e-17, -2.0238e+00],
        [ 0.0000e+00,  0.0000e+00,  0.0000e+00,  1.0000e+00]],
       dtype=torch.float64)
Applied operations
[ { class: 'RandZoom',
    do_transforms: True,
    extra_info: { class: 'Zoom',
                  extra_info: { 'align_corners': none,
                                'do_padcrop': True,
                                'mode': 'area',
                                'padcrop': { class: 'ResizeWithPadOrCrop',
                                             extra_info: { 'crop_info': { class: 'CenterSpatialCrop',
                                                                          extra_info: {'cropped': [0, 0, 0, 0, 0, 0]},
                                                                          id: 139966631179072,
                                                                          orig_size: (252, 252, 252)},
                                                           'pad_info': { class: 'SpatialPad',
                                                                         extra_info: { 'padded': [ (0, 0), (2, 2),
                                                                                                   (2, 2), (2, 2)]},
                                                                         id: 139966600023296,
                                                                         orig_size: (252, 252, 252)}},
                                             id: 139966582955888,
                                             orig_size: (252, 252, 252)}},
                  id: 139966767497712,
                  orig_size: (256, 256, 256)},
    id: 139966767449808,
    orig_size: (256, 256, 256)},
  {class: 'RandRotate', do_transforms: False, extra_info: {}, id: 139966767497856, orig_size: (256, 256, 256)},
  { class: 'RandRotate90',
    do_transforms: True,
    extra_info: { class: 'Rotate90',
                  extra_info: {'axes': [0, 1], 'k': 1},
                  id: 139966787528640,
                  orig_size: (256, 256, 256)},
    id: 139966767497808,
    orig_size: (256, 256, 256)},
  { class: 'RandRotate90',
    do_transforms: True,
    extra_info: { class: 'Rotate90',
                  extra_info: {'axes': [0, 2], 'k': 1},
                  id: 139966787528640,
                  orig_size: (256, 256, 256)},
    id: 139966767498000,
    orig_size: (256, 256, 256)},
  { class: 'RandRotate90',
    do_transforms: True,
    extra_info: { class: 'Rotate90',
                  extra_info: {'axes': [1, 2], 'k': 2},
                  id: 139966787528640,
                  orig_size: (256, 256, 256)},
    id: 139966767498240,
    orig_size: (256, 256, 256)},
  { class: 'RandFlip',
    do_transforms: True,
    extra_info: {class: 'Flip', id: 139966767498192, orig_size: (256, 256, 256)},
    id: 139966767498288,
    orig_size: (256, 256, 256)},
  {class: 'RandFlip', do_transforms: False, extra_info: {}, id: 139966610617968, orig_size: (256, 256, 256)},
  { class: 'RandFlip',
    do_transforms: True,
    extra_info: {class: 'Flip', id: 139966609992528, orig_size: (256, 256, 256)},
    id: 139966609992672,
    orig_size: (256, 256, 256)}]
Is batch?: False
type(age_delta): <class 'monai.data.meta_tensor.MetaTensor'>
[tensor([ -9.3913,  -6.9313, -10.0413,  11.8687], device='cuda:0',
       grad_fn=<AliasBackward0>)
Metadata
	affine: tensor([[ 9.8592e-01,  1.6587e-01, -2.1191e-02, -1.6652e+01],
        [-1.6558e-01,  9.8609e-01,  1.4721e-02,  2.1009e+01],
        [-2.3338e-02,  1.1005e-02, -9.9967e-01,  2.5653e+02],
        [ 0.0000e+00,  0.0000e+00,  0.0000e+00,  1.0000e+00]],
       dtype=torch.float64)
Applied operations
[ {class: 'RandZoom', do_transforms: False, extra_info: {}, id: 139966767449808, orig_size: (256, 256, 256)},
  { class: 'RandRotate',
    do_transforms: True,
    extra_info: { class: 'Rotate',
                  extra_info: { 'align_corners': False,
                                'dtype': 'float32',
                                'mode': bilinear,
                                'padding_mode': zeros,
                                'rot_mat': array([[ 9.85919413e-01,  1.65872942e-01,  2.11914675e-02,
        -2.20554374e+01],
       [-1.65584505e-01,  9.86085726e-01, -1.47211412e-02,
         2.47630398e+01],
       [-2.33384426e-02,  1.10048802e-02,  9.99667049e-01,
         1.61498040e+00],
       [ 0.00000000e+00,  0.00000000e+00,  0.00000000e+00,
         1.00000000e+00]])},
                  id: 139966610071360,
                  orig_size: (256, 256, 256)},
    id: 139966767497856,
    orig_size: (256, 256, 256)},
  {class: 'RandRotate90', do_transforms: False, extra_info: {}, id: 139966767497808, orig_size: (256, 256, 256)},
  {class: 'RandRotate90', do_transforms: False, extra_info: {}, id: 139966767498000, orig_size: (256, 256, 256)},
  {class: 'RandRotate90', do_transforms: False, extra_info: {}, id: 139966767498240, orig_size: (256, 256, 256)},
  {class: 'RandFlip', do_transforms: False, extra_info: {}, id: 139966767498288, orig_size: (256, 256, 256)},
  {class: 'RandFlip', do_transforms: False, extra_info: {}, id: 139966610617968, orig_size: (256, 256, 256)},
  { class: 'RandFlip',
    do_transforms: True,
    extra_info: {class: 'Flip', id: 139966609992528, orig_size: (256, 256, 256)},
    id: 139966609992672,
    orig_size: (256, 256, 256)}]
Is batch?: False, tensor([ -9.4225,  -6.9625, -10.0725,  11.8375], device='cuda:0',
       grad_fn=<AliasBackward0>)
Metadata
	affine: tensor([[ 9.8592e-01,  1.6587e-01, -2.1191e-02, -1.6652e+01],
        [-1.6558e-01,  9.8609e-01,  1.4721e-02,  2.1009e+01],
        [-2.3338e-02,  1.1005e-02, -9.9967e-01,  2.5653e+02],
        [ 0.0000e+00,  0.0000e+00,  0.0000e+00,  1.0000e+00]],
       dtype=torch.float64)
Applied operations
[ {class: 'RandZoom', do_transforms: False, extra_info: {}, id: 139966767449808, orig_size: (256, 256, 256)},
  { class: 'RandRotate',
    do_transforms: True,
    extra_info: { class: 'Rotate',
                  extra_info: { 'align_corners': False,
                                'dtype': 'float32',
                                'mode': bilinear,
                                'padding_mode': zeros,
                                'rot_mat': array([[ 9.85919413e-01,  1.65872942e-01,  2.11914675e-02,
        -2.20554374e+01],
       [-1.65584505e-01,  9.86085726e-01, -1.47211412e-02,
         2.47630398e+01],
       [-2.33384426e-02,  1.10048802e-02,  9.99667049e-01,
         1.61498040e+00],
       [ 0.00000000e+00,  0.00000000e+00,  0.00000000e+00,
         1.00000000e+00]])},
                  id: 139966610071360,
                  orig_size: (256, 256, 256)},
    id: 139966767497856,
    orig_size: (256, 256, 256)},
  {class: 'RandRotate90', do_transforms: False, extra_info: {}, id: 139966767497808, orig_size: (256, 256, 256)},
  {class: 'RandRotate90', do_transforms: False, extra_info: {}, id: 139966767498000, orig_size: (256, 256, 256)},
  {class: 'RandRotate90', do_transforms: False, extra_info: {}, id: 139966767498240, orig_size: (256, 256, 256)},
  {class: 'RandFlip', do_transforms: False, extra_info: {}, id: 139966767498288, orig_size: (256, 256, 256)},
  {class: 'RandFlip', do_transforms: False, extra_info: {}, id: 139966610617968, orig_size: (256, 256, 256)},
  { class: 'RandFlip',
    do_transforms: True,
    extra_info: {class: 'Flip', id: 139966609992528, orig_size: (256, 256, 256)},
    id: 139966609992672,
    orig_size: (256, 256, 256)}]
Is batch?: False, tensor([ -9.4225,  -6.9625, -10.0725,  11.8375], device='cuda:0',
       grad_fn=<AliasBackward0>)
Metadata
	affine: tensor([[ 9.8592e-01,  1.6587e-01, -2.1191e-02, -1.6652e+01],
        [-1.6558e-01,  9.8609e-01,  1.4721e-02,  2.1009e+01],
        [-2.3338e-02,  1.1005e-02, -9.9967e-01,  2.5653e+02],
        [ 0.0000e+00,  0.0000e+00,  0.0000e+00,  1.0000e+00]],
       dtype=torch.float64)
Applied operations
[ {class: 'RandZoom', do_transforms: False, extra_info: {}, id: 139966767449808, orig_size: (256, 256, 256)},
  { class: 'RandRotate',
    do_transforms: True,
    extra_info: { class: 'Rotate',
                  extra_info: { 'align_corners': False,
                                'dtype': 'float32',
                                'mode': bilinear,
                                'padding_mode': zeros,
                                'rot_mat': array([[ 9.85919413e-01,  1.65872942e-01,  2.11914675e-02,
        -2.20554374e+01],
       [-1.65584505e-01,  9.86085726e-01, -1.47211412e-02,
         2.47630398e+01],
       [-2.33384426e-02,  1.10048802e-02,  9.99667049e-01,
         1.61498040e+00],
       [ 0.00000000e+00,  0.00000000e+00,  0.00000000e+00,
         1.00000000e+00]])},
                  id: 139966610071360,
                  orig_size: (256, 256, 256)},
    id: 139966767497856,
    orig_size: (256, 256, 256)},
  {class: 'RandRotate90', do_transforms: False, extra_info: {}, id: 139966767497808, orig_size: (256, 256, 256)},
  {class: 'RandRotate90', do_transforms: False, extra_info: {}, id: 139966767498000, orig_size: (256, 256, 256)},
  {class: 'RandRotate90', do_transforms: False, extra_info: {}, id: 139966767498240, orig_size: (256, 256, 256)},
  {class: 'RandFlip', do_transforms: False, extra_info: {}, id: 139966767498288, orig_size: (256, 256, 256)},
  {class: 'RandFlip', do_transforms: False, extra_info: {}, id: 139966610617968, orig_size: (256, 256, 256)},
  { class: 'RandFlip',
    do_transforms: True,
    extra_info: {class: 'Flip', id: 139966609992528, orig_size: (256, 256, 256)},
    id: 139966609992672,
    orig_size: (256, 256, 256)}]
Is batch?: False, tensor([-9.2975, -6.8375, -9.9475, 11.9625], device='cuda:0',
       grad_fn=<AliasBackward0>)
Metadata
	affine: tensor([[ 9.8592e-01,  1.6587e-01, -2.1191e-02, -1.6652e+01],
        [-1.6558e-01,  9.8609e-01,  1.4721e-02,  2.1009e+01],
        [-2.3338e-02,  1.1005e-02, -9.9967e-01,  2.5653e+02],
        [ 0.0000e+00,  0.0000e+00,  0.0000e+00,  1.0000e+00]],
       dtype=torch.float64)
Applied operations
[ {class: 'RandZoom', do_transforms: False, extra_info: {}, id: 139966767449808, orig_size: (256, 256, 256)},
  { class: 'RandRotate',
    do_transforms: True,
    extra_info: { class: 'Rotate',
                  extra_info: { 'align_corners': False,
                                'dtype': 'float32',
                                'mode': bilinear,
                                'padding_mode': zeros,
                                'rot_mat': array([[ 9.85919413e-01,  1.65872942e-01,  2.11914675e-02,
        -2.20554374e+01],
       [-1.65584505e-01,  9.86085726e-01, -1.47211412e-02,
         2.47630398e+01],
       [-2.33384426e-02,  1.10048802e-02,  9.99667049e-01,
         1.61498040e+00],
       [ 0.00000000e+00,  0.00000000e+00,  0.00000000e+00,
         1.00000000e+00]])},
                  id: 139966610071360,
                  orig_size: (256, 256, 256)},
    id: 139966767497856,
    orig_size: (256, 256, 256)},
  {class: 'RandRotate90', do_transforms: False, extra_info: {}, id: 139966767497808, orig_size: (256, 256, 256)},
  {class: 'RandRotate90', do_transforms: False, extra_info: {}, id: 139966767498000, orig_size: (256, 256, 256)},
  {class: 'RandRotate90', do_transforms: False, extra_info: {}, id: 139966767498240, orig_size: (256, 256, 256)},
  {class: 'RandFlip', do_transforms: False, extra_info: {}, id: 139966767498288, orig_size: (256, 256, 256)},
  {class: 'RandFlip', do_transforms: False, extra_info: {}, id: 139966610617968, orig_size: (256, 256, 256)},
  { class: 'RandFlip',
    do_transforms: True,
    extra_info: {class: 'Flip', id: 139966609992528, orig_size: (256, 256, 256)},
    id: 139966609992672,
    orig_size: (256, 256, 256)}]
Is batch?: False, tensor([3046.0601, 3039.8301, 3053.7200, 3036.9399], device='cuda:0',
       grad_fn=<AliasBackward0>)
Metadata
	affine: tensor([[-3.8089e-33, -1.0159e+00, -6.2204e-17,  2.5702e+02],
        [ 6.2204e-17,  6.2204e-17, -1.0159e+00,  2.5702e+02],
        [ 1.0159e+00, -7.6178e-33,  6.2204e-17, -2.0238e+00],
        [ 0.0000e+00,  0.0000e+00,  0.0000e+00,  1.0000e+00]],
       dtype=torch.float64)
Applied operations
[ { class: 'RandZoom',
    do_transforms: True,
    extra_info: { class: 'Zoom',
                  extra_info: { 'align_corners': none,
                                'do_padcrop': True,
                                'mode': 'area',
                                'padcrop': { class: 'ResizeWithPadOrCrop',
                                             extra_info: { 'crop_info': { class: 'CenterSpatialCrop',
                                                                          extra_info: {'cropped': [0, 0, 0, 0, 0, 0]},
                                                                          id: 139966631179072,
                                                                          orig_size: (252, 252, 252)},
                                                           'pad_info': { class: 'SpatialPad',
                                                                         extra_info: { 'padded': [ (0, 0), (2, 2),
                                                                                                   (2, 2), (2, 2)]},
                                                                         id: 139966600023296,
                                                                         orig_size: (252, 252, 252)}},
                                             id: 139966582955888,
                                             orig_size: (252, 252, 252)}},
                  id: 139966767497712,
                  orig_size: (256, 256, 256)},
    id: 139966767449808,
    orig_size: (256, 256, 256)},
  {class: 'RandRotate', do_transforms: False, extra_info: {}, id: 139966767497856, orig_size: (256, 256, 256)},
  { class: 'RandRotate90',
    do_transforms: True,
    extra_info: { class: 'Rotate90',
                  extra_info: {'axes': [0, 1], 'k': 1},
                  id: 139966787528640,
                  orig_size: (256, 256, 256)},
    id: 139966767497808,
    orig_size: (256, 256, 256)},
  { class: 'RandRotate90',
    do_transforms: True,
    extra_info: { class: 'Rotate90',
                  extra_info: {'axes': [0, 2], 'k': 1},
                  id: 139966787528640,
                  orig_size: (256, 256, 256)},
    id: 139966767498000,
    orig_size: (256, 256, 256)},
  { class: 'RandRotate90',
    do_transforms: True,
    extra_info: { class: 'Rotate90',
                  extra_info: {'axes': [1, 2], 'k': 2},
                  id: 139966787528640,
                  orig_size: (256, 256, 256)},
    id: 139966767498240,
    orig_size: (256, 256, 256)},
  { class: 'RandFlip',
    do_transforms: True,
    extra_info: {class: 'Flip', id: 139966767498192, orig_size: (256, 256, 256)},
    id: 139966767498288,
    orig_size: (256, 256, 256)},
  {class: 'RandFlip', do_transforms: False, extra_info: {}, id: 139966610617968, orig_size: (256, 256, 256)},
  { class: 'RandFlip',
    do_transforms: True,
    extra_info: {class: 'Flip', id: 139966609992528, orig_size: (256, 256, 256)},
    id: 139966609992672,
    orig_size: (256, 256, 256)}]
Is batch?: False, tensor([3092.0601, 3085.8301, 3099.7200, 3082.9399], device='cuda:0',
       grad_fn=<AliasBackward0>)
Metadata
	affine: tensor([[-3.8089e-33, -1.0159e+00, -6.2204e-17,  2.5702e+02],
        [ 6.2204e-17,  6.2204e-17, -1.0159e+00,  2.5702e+02],
        [ 1.0159e+00, -7.6178e-33,  6.2204e-17, -2.0238e+00],
        [ 0.0000e+00,  0.0000e+00,  0.0000e+00,  1.0000e+00]],
       dtype=torch.float64)
Applied operations
[ { class: 'RandZoom',
    do_transforms: True,
    extra_info: { class: 'Zoom',
                  extra_info: { 'align_corners': none,
                                'do_padcrop': True,
                                'mode': 'area',
                                'padcrop': { class: 'ResizeWithPadOrCrop',
                                             extra_info: { 'crop_info': { class: 'CenterSpatialCrop',
                                                                          extra_info: {'cropped': [0, 0, 0, 0, 0, 0]},
                                                                          id: 139966631179072,
                                                                          orig_size: (252, 252, 252)},
                                                           'pad_info': { class: 'SpatialPad',
                                                                         extra_info: { 'padded': [ (0, 0), (2, 2),
                                                                                                   (2, 2), (2, 2)]},
                                                                         id: 139966600023296,
                                                                         orig_size: (252, 252, 252)}},
                                             id: 139966582955888,
                                             orig_size: (252, 252, 252)}},
                  id: 139966767497712,
                  orig_size: (256, 256, 256)},
    id: 139966767449808,
    orig_size: (256, 256, 256)},
  {class: 'RandRotate', do_transforms: False, extra_info: {}, id: 139966767497856, orig_size: (256, 256, 256)},
  { class: 'RandRotate90',
    do_transforms: True,
    extra_info: { class: 'Rotate90',
                  extra_info: {'axes': [0, 1], 'k': 1},
                  id: 139966787528640,
                  orig_size: (256, 256, 256)},
    id: 139966767497808,
    orig_size: (256, 256, 256)},
  { class: 'RandRotate90',
    do_transforms: True,
    extra_info: { class: 'Rotate90',
                  extra_info: {'axes': [0, 2], 'k': 1},
                  id: 139966787528640,
                  orig_size: (256, 256, 256)},
    id: 139966767498000,
    orig_size: (256, 256, 256)},
  { class: 'RandRotate90',
    do_transforms: True,
    extra_info: { class: 'Rotate90',
                  extra_info: {'axes': [1, 2], 'k': 2},
                  id: 139966787528640,
                  orig_size: (256, 256, 256)},
    id: 139966767498240,
    orig_size: (256, 256, 256)},
  { class: 'RandFlip',
    do_transforms: True,
    extra_info: {class: 'Flip', id: 139966767498192, orig_size: (256, 256, 256)},
    id: 139966767498288,
    orig_size: (256, 256, 256)},
  {class: 'RandFlip', do_transforms: False, extra_info: {}, id: 139966610617968, orig_size: (256, 256, 256)},
  { class: 'RandFlip',
    do_transforms: True,
    extra_info: {class: 'Flip', id: 139966609992528, orig_size: (256, 256, 256)},
    id: 139966609992672,
    orig_size: (256, 256, 256)}]
Is batch?: False, tensor([3118.0601, 3111.8301, 3125.7200, 3108.9399], device='cuda:0',
       grad_fn=<AliasBackward0>)
Metadata
	affine: tensor([[-3.8089e-33, -1.0159e+00, -6.2204e-17,  2.5702e+02],
        [ 6.2204e-17,  6.2204e-17, -1.0159e+00,  2.5702e+02],
        [ 1.0159e+00, -7.6178e-33,  6.2204e-17, -2.0238e+00],
        [ 0.0000e+00,  0.0000e+00,  0.0000e+00,  1.0000e+00]],
       dtype=torch.float64)
Applied operations
[ { class: 'RandZoom',
    do_transforms: True,
    extra_info: { class: 'Zoom',
                  extra_info: { 'align_corners': none,
                                'do_padcrop': True,
                                'mode': 'area',
                                'padcrop': { class: 'ResizeWithPadOrCrop',
                                             extra_info: { 'crop_info': { class: 'CenterSpatialCrop',
                                                                          extra_info: {'cropped': [0, 0, 0, 0, 0, 0]},
                                                                          id: 139966631179072,
                                                                          orig_size: (252, 252, 252)},
                                                           'pad_info': { class: 'SpatialPad',
                                                                         extra_info: { 'padded': [ (0, 0), (2, 2),
                                                                                                   (2, 2), (2, 2)]},
                                                                         id: 139966600023296,
                                                                         orig_size: (252, 252, 252)}},
                                             id: 139966582955888,
                                             orig_size: (252, 252, 252)}},
                  id: 139966767497712,
                  orig_size: (256, 256, 256)},
    id: 139966767449808,
    orig_size: (256, 256, 256)},
  {class: 'RandRotate', do_transforms: False, extra_info: {}, id: 139966767497856, orig_size: (256, 256, 256)},
  { class: 'RandRotate90',
    do_transforms: True,
    extra_info: { class: 'Rotate90',
                  extra_info: {'axes': [0, 1], 'k': 1},
                  id: 139966787528640,
                  orig_size: (256, 256, 256)},
    id: 139966767497808,
    orig_size: (256, 256, 256)},
  { class: 'RandRotate90',
    do_transforms: True,
    extra_info: { class: 'Rotate90',
                  extra_info: {'axes': [0, 2], 'k': 1},
                  id: 139966787528640,
                  orig_size: (256, 256, 256)},
    id: 139966767498000,
    orig_size: (256, 256, 256)},
  { class: 'RandRotate90',
    do_transforms: True,
    extra_info: { class: 'Rotate90',
                  extra_info: {'axes': [1, 2], 'k': 2},
                  id: 139966787528640,
                  orig_size: (256, 256, 256)},
    id: 139966767498240,
    orig_size: (256, 256, 256)},
  { class: 'RandFlip',
    do_transforms: True,
    extra_info: {class: 'Flip', id: 139966767498192, orig_size: (256, 256, 256)},
    id: 139966767498288,
    orig_size: (256, 256, 256)},
  {class: 'RandFlip', do_transforms: False, extra_info: {}, id: 139966610617968, orig_size: (256, 256, 256)},
  { class: 'RandFlip',
    do_transforms: True,
    extra_info: {class: 'Flip', id: 139966609992528, orig_size: (256, 256, 256)},
    id: 139966609992672,
    orig_size: (256, 256, 256)}]
Is batch?: False, tensor([3026.0601, 3019.8301, 3033.7200, 3016.9399], device='cuda:0',
       grad_fn=<AliasBackward0>)
Metadata
	affine: tensor([[-3.8089e-33, -1.0159e+00, -6.2204e-17,  2.5702e+02],
        [ 6.2204e-17,  6.2204e-17, -1.0159e+00,  2.5702e+02],
        [ 1.0159e+00, -7.6178e-33,  6.2204e-17, -2.0238e+00],
        [ 0.0000e+00,  0.0000e+00,  0.0000e+00,  1.0000e+00]],
       dtype=torch.float64)
Applied operations
[ { class: 'RandZoom',
    do_transforms: True,
    extra_info: { class: 'Zoom',
                  extra_info: { 'align_corners': none,
                                'do_padcrop': True,
                                'mode': 'area',
                                'padcrop': { class: 'ResizeWithPadOrCrop',
                                             extra_info: { 'crop_info': { class: 'CenterSpatialCrop',
                                                                          extra_info: {'cropped': [0, 0, 0, 0, 0, 0]},
                                                                          id: 139966631179072,
                                                                          orig_size: (252, 252, 252)},
                                                           'pad_info': { class: 'SpatialPad',
                                                                         extra_info: { 'padded': [ (0, 0), (2, 2),
                                                                                                   (2, 2), (2, 2)]},
                                                                         id: 139966600023296,
                                                                         orig_size: (252, 252, 252)}},
                                             id: 139966582955888,
                                             orig_size: (252, 252, 252)}},
                  id: 139966767497712,
                  orig_size: (256, 256, 256)},
    id: 139966767449808,
    orig_size: (256, 256, 256)},
  {class: 'RandRotate', do_transforms: False, extra_info: {}, id: 139966767497856, orig_size: (256, 256, 256)},
  { class: 'RandRotate90',
    do_transforms: True,
    extra_info: { class: 'Rotate90',
                  extra_info: {'axes': [0, 1], 'k': 1},
                  id: 139966787528640,
                  orig_size: (256, 256, 256)},
    id: 139966767497808,
    orig_size: (256, 256, 256)},
  { class: 'RandRotate90',
    do_transforms: True,
    extra_info: { class: 'Rotate90',
                  extra_info: {'axes': [0, 2], 'k': 1},
                  id: 139966787528640,
                  orig_size: (256, 256, 256)},
    id: 139966767498000,
    orig_size: (256, 256, 256)},
  { class: 'RandRotate90',
    do_transforms: True,
    extra_info: { class: 'Rotate90',
                  extra_info: {'axes': [1, 2], 'k': 2},
                  id: 139966787528640,
                  orig_size: (256, 256, 256)},
    id: 139966767498240,
    orig_size: (256, 256, 256)},
  { class: 'RandFlip',
    do_transforms: True,
    extra_info: {class: 'Flip', id: 139966767498192, orig_size: (256, 256, 256)},
    id: 139966767498288,
    orig_size: (256, 256, 256)},
  {class: 'RandFlip', do_transforms: False, extra_info: {}, id: 139966610617968, orig_size: (256, 256, 256)},
  { class: 'RandFlip',
    do_transforms: True,
    extra_info: {class: 'Flip', id: 139966609992528, orig_size: (256, 256, 256)},
    id: 139966609992672,
    orig_size: (256, 256, 256)}]
Is batch?: False]
image shape: (1, 256, 256, 256)
next image
image shape: (1, 256, 256, 256)
next image
selecting new mask
image shape: (1, 256, 256, 256)
next image
image shape: (1, 256, 256, 256)
next image
tensor([-1.4193, -1.4960,  0.5325,  0.8181], dtype=torch.float64)
age_delta: tensor([[nan, nan, nan, nan],
        [nan, nan, nan, nan],
        [nan, nan, nan, nan],
        [nan, nan, nan, nan]], device='cuda:0', grad_fn=<AliasBackward0>)
Metadata
	affine: tensor([[-9.6783e-01,  1.6869e-01, -1.8669e-01,  2.5319e+02],
        [-1.9875e-01, -9.6754e-01,  1.5611e-01,  2.5630e+02],
        [ 1.5430e-01, -1.8820e-01, -9.6994e-01,  2.5549e+02],
        [ 0.0000e+00,  0.0000e+00,  0.0000e+00,  1.0000e+00]],
       dtype=torch.float64)
Applied operations
[ {class: 'RandZoom', do_transforms: False, extra_info: {}, id: 139966767449808, orig_size: (256, 256, 256)},
  { class: 'RandRotate',
    do_transforms: True,
    extra_info: { class: 'Rotate',
                  extra_info: { 'align_corners': False,
                                'dtype': 'float32',
                                'mode': bilinear,
                                'padding_mode': zeros,
                                'rot_mat': array([[ 0.96782798, -0.16868518,  0.1866931 ,  1.80592312],
       [ 0.1987487 ,  0.96753672, -0.15611423, -1.29682675],
       [-0.15429827,  0.18819673,  0.96993507, -0.48877472],
       [ 0.        ,  0.        ,  0.        ,  1.        ]])},
                  id: 139966581907264,
                  orig_size: (256, 256, 256)},
    id: 139966767497856,
    orig_size: (256, 256, 256)},
  {class: 'RandRotate90', do_transforms: False, extra_info: {}, id: 139966767497808, orig_size: (256, 256, 256)},
  { class: 'RandRotate90',
    do_transforms: True,
    extra_info: { class: 'Rotate90',
                  extra_info: {'axes': [0, 2], 'k': 2},
                  id: 139966581905824,
                  orig_size: (256, 256, 256)},
    id: 139966767498000,
    orig_size: (256, 256, 256)},
  {class: 'RandRotate90', do_transforms: False, extra_info: {}, id: 139966767498240, orig_size: (256, 256, 256)},
  {class: 'RandFlip', do_transforms: False, extra_info: {}, id: 139966767498288, orig_size: (256, 256, 256)},
  { class: 'RandFlip',
    do_transforms: True,
    extra_info: {class: 'Flip', id: 139966614052048, orig_size: (256, 256, 256)},
    id: 139966610617968,
    orig_size: (256, 256, 256)},
  {class: 'RandFlip', do_transforms: False, extra_info: {}, id: 139966609992672, orig_size: (256, 256, 256)}]
Is batch?: False
type(age_delta): <class 'monai.data.meta_tensor.MetaTensor'>
[tensor([ -9.3913,  -6.9313, -10.0413,  11.8687], device='cuda:0',
